VITE_HEDERA_ACCOUNT_ID=0.0.5791639
VITE_HEDERA_PRIVATE_KEY=0xec8080edbacd17e6ff0e0037904d67dde19bca80506c66fef22bedc8187b997f
VITE_RECIPIENT_ACCOUNT_ID=0.0.5807167
HEDERA_PRIVATE_KEY=0xec8080edbacd17e6ff0e0037904d67dde19bca80506c66fef22bedc8187b997f
HEDERA_ACCOUNT_ID=0.0.5791639
EDU_TOKEN_ADDRESS=
FEE_COLLECTOR_ADDRESS=
